1
100 2 275
52 8
75 87
97 21
4 91
9 19
92 59
27 87
64 73
78 51
38 9
16 65
25 24
19 31
11 1
50 32
78 84
89 91
7 60
26 18
56 18
66 19
4 75
97 48
29 61
83 17
28 18
17 39
36 29
50 13
58 8
23 89
92 18
69 9
32 35
74 63
49 47
91 84
36 27
5 33
38 92
63 67
88 20
8 15
59 15
75 58
33 28
48 96
78 26
4 82
80 19
25 86
46 41
76 91
77 70
64 92
71 86
97 45
16 66
56 53
68 66
59 64
19 4
23 85
7 5
70 24
28 44
3 7
17 45
8 85
29 87
33 63
73 40
54 6
82 16
52 77
33 81
94 26
46 71
91 6
63 86
19 21
65 79
99 73
54 21
62 7
71 13
21 36
72 62
50 16
8 60
64 34
47 3
33 58
77 42
48 23
37 3
71 18
17 20
46 52
73 48
61 89
81 34
34 38
67 90
92 51
55 86
23 97
83 59
45 52
3 50
89 70
95 7
72 84
26 57
34 52
5 19
5 50
42 99
58 90
59 23
80 64
12 79
37 74
35 92
29 21
13 59
88 40
87 47
92 79
85 97
86 81
62 11
8 91
87 68
48 12
68 46
24 19
56 38
19 61
88 95
74 53
43 84
91 53
7 19
25 94
1 78
82 60
92 28
39 52
50 30
94 30
46 45
46 78
63 38
1 55
11 30
83 16
51 15
10 46
58 6
58 14
3 25
96 8
47 28
23 51
15 65
34 66
17 67
47 11
14 46
34 29
16 84
70 41
46 48
91 51
32 64
52 11
19 6
18 44
35 49
68 13
21 25
33 94
76 64
31 59
87 4
27 62
72 50
67 76
28 80
44 37
16 58
42 17
1 80
84 20
19 28
13 89
51 74
7 70
82 15
12 89
51 63
67 72
83 31
5 77
68 3
70 69
62 53
28 10
1 95
25 88
63 52
57 74
64 69
72 80
51 26
92 61
50 44
60 31
28 39
42 8
90 50
40 69
23 65
88 89
12 42
73 7
12 52
10 85
79 88
17 77
76 4
68 6
13 5
9 93
16 81
83 72
26 70
23 30
46 34
44 92
13 81
94 13
92 20
16 62
36 37
64 29
96 55
9 22
61 64
81 54
70 3
100 56
58 67
13 49
71 98
43 65
85 74
40 3
37 69
92 21
50 100
55 50
21 83
51 52
66 48
8 16
20 69
56 66
49 32
43 80
38 40
90 82
10 41
70 55
